	a	o	e	er	ai	ei	ao	ou	an	en	ang	eng	ong	i	ia	ie	iao	iou	ian	in	iang	ing	iong	u	ua	uo	uai	uei	uan	uen	uang	ueng	端	端e	端an	端n
b	1	1	0	0	1	1	1	0	1	1	1	1	0	1	0	1	1	0	1	1	0	1	0	1	0	0	0	0	0	0	0	0	0	0	0	0
p	1	1	0	0	1	1	1	1	1	1	1	1	0	1	0	1	1	0	1	1	0	1	0	1	0	0	0	0	0	0	0	0	0	0	0	0
m	1	1	1	0	1	1	1	1	1	1	1	1	0	1	0	1	1	1	1	1	0	1	0	1	0	0	0	0	0	0	0	0	0	0	0	0
f	1	1	0	0	0	1	0	1	1	1	1	1	0	0	0	0	0	0	0	0	0	0	0	1	0	0	0	0	0	0	0	0	0	0	0	0
d	1	0	1	0	1	1	1	1	1	0	1	1	1	1	0	1	1	1	1	0	0	1	0	1	0	1	0	1	1	1	0	0	0	0	0	0
t	1	0	1	0	1	0	1	1	1	0	1	1	1	1	0	1	1	0	1	0	0	1	0	1	0	1	0	1	1	1	0	0	0	0	0	0
n	1	0	1	0	1	1	1	1	1	1	1	1	1	1	0	1	1	1	1	1	1	1	0	1	0	1	0	0	1	0	0	0	1	1	0	0
l	1	0	1	0	1	1	1	1	1	0	1	1	1	1	1	1	1	1	1	1	1	1	0	1	0	1	0	0	1	1	0	0	1	1	0	0
g	1	0	1	0	1	1	1	1	1	1	1	1	1	0	0	0	0	0	0	0	0	0	0	1	1	1	1	1	1	1	1	0	0	0	0	0
k	1	0	1	0	1	1	1	1	1	1	1	1	1	0	0	0	0	0	0	0	0	0	0	1	1	1	1	1	1	1	1	0	0	0	0	0
h	1	0	1	0	1	1	1	1	1	1	1	1	1	0	0	0	0	0	0	0	0	0	0	1	1	1	1	1	1	1	1	0	0	0	0	0
j	0	0	0	0	0	0	0	0	0	0	0	0	0	1	1	1	1	1	1	1	1	1	1	0	0	0	0	0	0	0	0	0	1	1	1	1
q	0	0	0	0	0	0	0	0	0	0	0	0	0	1	1	1	1	1	1	1	1	1	1	0	0	0	0	0	0	0	0	0	1	1	1	1
x	0	0	0	0	0	0	0	0	0	0	0	0	0	1	1	1	1	1	1	1	1	1	1	0	0	0	0	0	0	0	0	0	1	1	1	1
zh	1	0	1	0	1	1	1	1	1	1	1	1	1	1	0	0	0	0	0	0	0	0	0	1	1	1	1	1	1	1	1	0	0	0	0	0
ch	1	0	1	0	1	0	1	1	1	1	1	1	1	1	0	0	0	0	0	0	0	0	0	1	1	1	1	1	1	1	1	0	0	0	0	0
sh	1	0	1	0	1	1	1	1	1	1	1	1	0	1	0	0	0	0	0	0	0	0	0	1	1	1	1	1	1	1	1	0	0	0	0	0
r	0	0	1	0	0	0	1	1	1	1	1	1	1	1	0	0	0	0	0	0	0	0	0	1	0	1	0	1	1	1	0	0	0	0	0	0
z	1	0	1	0	1	0	1	1	1	1	1	1	1	1	0	0	0	0	0	0	0	0	0	1	0	1	0	1	1	1	0	0	0	0	0	0
c	1	0	1	0	1	0	1	1	1	1	1	1	1	1	0	0	0	0	0	0	0	0	0	1	0	1	0	1	1	1	0	0	0	0	0	0
s	1	0	1	0	1	0	1	1	1	1	1	1	1	1	0	0	0	0	0	0	0	0	0	1	0	1	0	1	1	1	0	0	0	0	0	0
	1	0	1	1	1	1	1	1	1	1	1	1	0	1	1	1	1	1	1	1	1	1	1	1	1	1	1	1	1	1	1	1	1	1	1	1